,file_name,total_lines,covered_lines,uncovered_lines
0,constants.ts,0,0,0
1,rich_text_components_definitions.ts,0,0,0
2,App.ts,117,105,12
3,I18nFooter.ts,24,10,14
4,app.constants.ajs.ts,48,48,0
5,app.constants.ts,1,1,0
6,google-analytics.initializer.ts,8,2,6
7,karma.module.ts,1,1,0
8,mathjaxConfig.ts,1,1,0
9,base-content.directive.ts,41,9,32
10,loading-message.component.ts,1,1,0
11,oppia-root.directive.ts,11,1,10
12,warnings-and-alerts.directive.ts,6,2,4
13,material.module.ts,1,1,0
14,oppia-angular-root.component.ts,520,520,0
15,angular-html-bind-wrapper.directive.ts,10,10,0
16,create-activity-button.directive.ts,39,7,32
17,exploration-embed-button-modal.component.ts,14,14,0
18,hint-and-solution-buttons.directive.ts,72,10,62
19,social-buttons.component.ts,9,1,8
20,ck-editor-4-rte.directive.ts,91,5,86
21,ck-editor-4-widgets.initializer.ts,68,18,50
22,ck-editor-copy-content-service.ts,53,53,0
23,ck-editor-copy-toolbar.component.ts,13,13,0
24,alert-message.directive.ts,11,1,10
25,answer-content-modal.controller.ts,3,3,0
26,attribution-guide.component.ts,35,35,0
27,background-banner.component.ts,7,2,5
28,confirm-or-cancel-modal.component.ts,3,3,0
29,confirm-or-cancel-modal.controller.ts,6,6,0
30,lazy-loading.component.ts,2,2,0
31,loading-dots.component.ts,2,2,0
32,promo-bar.component.ts,24,24,0
33,sharing-links.component.ts,42,8,34
34,side-navigation-bar.directive.ts,11,2,9
35,top-navigation-bar.directive.ts,142,12,130
36,concept-card.directive.ts,31,4,27
37,collection-creation-backend-api.service.ts,10,10,0
38,collection-creation.service.ts,22,22,0
39,exploration-creation.service.ts,39,14,25
40,skill-creation.service.ts,33,16,17
41,story-creation.service.ts,29,9,20
42,topic-creation.service.ts,36,19,17
43,apply-validation.directive.ts,18,18,0
44,audio-file-uploader.component.ts,28,18,10
45,edit-thumbnail-modal.controller.ts,60,60,0
46,html-select.directive.ts,10,3,7
47,image-uploader.component.ts,50,6,44
48,object-editor.directive.ts,20,1,19
49,require-is-float.directive.ts,9,9,0
50,select2-dropdown.directive.ts,30,3,27
51,thumbnail-display.component.ts,21,21,0
52,thumbnail-uploader.directive.ts,88,10,78
53,schema-based-bool-editor.directive.ts,2,1,1
54,schema-based-choices-editor.directive.ts,8,2,6
55,schema-based-custom-editor.directive.ts,4,3,1
56,schema-based-dict-editor.directive.ts,12,4,8
57,schema-based-editor.directive.ts,18,17,1
58,schema-based-expression-editor.directive.ts,2,1,1
59,schema-based-float-editor.directive.ts,46,7,39
60,schema-based-html-editor.directive.ts,4,3,1
61,schema-based-int-editor.directive.ts,11,3,8
62,schema-based-list-editor.directive.ts,94,8,86
63,schema-based-unicode-editor.directive.ts,49,7,42
64,schema-constants.ts,10,10,0
65,schema-based-custom-viewer.directive.ts,4,3,1
66,schema-based-dict-viewer.directive.ts,7,4,3
67,schema-based-html-viewer.directive.ts,3,2,1
68,schema-based-list-viewer.directive.ts,5,4,1
69,schema-based-primitive-viewer.directive.ts,5,2,3
70,schema-based-unicode-viewer.directive.ts,6,3,3
71,schema-based-viewer.directive.ts,9,8,1
72,is-at-least.filter.ts,3,3,0
73,is-at-most.filter.ts,3,3,0
74,is-float.filter.ts,12,12,0
75,is-integer.filter.ts,3,3,0
76,is-nonempty.filter.ts,3,3,0
77,is-url-fragment.filter.ts,4,4,0
78,graph-layout.service.ts,221,29,192
79,keyboard-shortcut-help-modal.component.ts,16,16,0
80,on-screen-keyboard.component.ts,46,46,0
81,profile-link-image-backend-api.service.ts,5,5,0
82,profile-link-image.component.ts,11,3,8
83,profile-link-text.component.ts,4,3,1
84,question-difficulty-selector.directive.ts,8,2,6
85,question-editor-modal.controller.ts,77,77,0
86,question-editor.directive.ts,107,11,96
87,question-misconception-editor.component.ts,56,56,0
88,tag-misconception-modal.controller.ts,13,13,0
89,question-misconception-selector.component.ts,11,11,0
90,question-player-concept-card-modal.controller.ts,17,17,0
91,question-player.constants.ajs.ts,10,10,0
92,question-player.constants.ts,1,1,0
93,question-player.directive.ts,277,53,224
94,skill-mastery-modal.controller.ts,9,9,0
95,question-player-state.service.ts,30,30,0
96,questions-list.constants.ajs.ts,3,3,0
97,questions-list.constants.ts,1,1,0
98,questions-list.directive.ts,294,28,266
99,rating-computation.service.ts,15,15,0
100,rating-display.directive.ts,36,24,12
101,review-material-editor.directive.ts,29,11,18
102,rubrics-editor.directive.ts,80,14,66
103,score-ring.directive.ts,24,1,23
104,skill-mastery.component.ts,18,18,0
105,merge-skill-modal.controller.ts,14,14,0
106,questions-list-select-skill-modal.controller.ts,10,10,0
107,select-skill-modal.controller.ts,22,22,0
108,skill-selector.component.ts,86,9,77
109,skills-mastery-list-concept-card-modal.controller.ts,6,6,0
110,skills-mastery-list.constants.ajs.ts,2,2,0
111,skills-mastery-list.constants.ts,1,1,0
112,skills-mastery-list.directive.ts,32,6,26
113,answer-group-editor.directive.ts,140,16,124
114,summary-list-header.component.ts,12,10,2
115,hint-editor.directive.ts,39,8,31
116,outcome-destination-editor.directive.ts,74,9,65
117,outcome-editor.directive.ts,99,9,90
118,outcome-feedback-editor.directive.ts,8,4,4
119,response-header.directive.ts,30,6,24
120,rule-editor.directive.ts,99,13,86
121,rule-type-selector.directive.ts,30,6,24
122,solution-editor.directive.ts,22,14,8
123,solution-explanation-editor.directive.ts,34,7,27
124,state-editor.constants.ajs.ts,1,1,0
125,state-editor.constants.ts,1,1,0
126,state-editor.directive.ts,58,16,42
127,state-content-editor.directive.ts,55,10,45
128,state-content.service.ts,4,4,0
129,state-customization-args.service.ts,6,6,0
130,state-editor.service.ts,93,75,18
131,state-hints.service.ts,8,8,0
132,state-interaction-id.service.ts,6,6,0
133,state-name.service.ts,10,10,0
134,state-next-content-id-index.service.ts,4,4,0
135,state-param-changes.service.ts,4,4,0
136,state-property.service.ts,24,21,3
137,state-recorded-voiceovers.service.ts,4,4,0
138,state-solicit-answer-details.service.ts,4,4,0
139,state-solution.service.ts,4,4,0
140,state-written-translations.service.ts,4,4,0
141,state-hints-editor.directive.ts,100,19,81
142,state-interaction-editor.directive.ts,120,21,99
143,state-responses.directive.ts,332,39,293
144,state-solution-editor.directive.ts,81,24,57
145,completion-graph.component.ts,3,3,0
146,collection-summary-tile.component.ts,28,28,0
147,collection-summary-tile.constants.ts,1,1,0
148,exploration-summary-tile.component.ts,82,82,0
149,story-summary-tile.directive.ts,76,10,66
150,subtopic-summary-tile.directive.ts,20,9,11
151,topic-summary-tile.directive.ts,23,4,19
152,codemirror-mergeview.directive.ts,16,1,15
153,version-diff-visualization.directive.ts,104,5,99
154,angular-html-bind.directive.ts,12,11,1
155,focus-on.directive.ts,21,4,17
156,mathjax-bind.directive.ts,10,2,8
157,admin-backend-api.service.ts,99,99,0
158,computation-data.model.ts,9,9,0
159,job-status-summary.model.ts,3,3,0
160,job.model.ts,11,11,0
161,answer-classification-result.model.ts,4,4,0
162,classifier.model.ts,4,4,0
163,prediction-result.model.ts,4,4,0
164,classroom-backend-api.service.ts,24,24,0
165,classroom-data.model.ts,11,11,0
166,classroom-domain.constants.ajs.ts,4,4,0
167,classroom-domain.constants.ts,1,1,0
168,collection-domain.constants.ts,1,1,0
169,collection-node.model.ts,15,12,3
170,collection-playthrough.model.ts,10,10,0
171,collection-rights-backend-api.service.ts,39,39,0
172,collection-rights.model.ts,25,25,0
173,collection-summary.model.ts,13,13,0
174,collection-update.service.ts,61,55,6
175,collection-validation.service.ts,30,30,0
176,collection.model.ts,85,81,4
177,editable-collection-backend-api.service.ts,25,23,2
178,guest-collection-progress.model.ts,15,15,0
179,guest-collection-progress.service.ts,25,25,0
180,read-only-collection-backend-api.service.ts,34,31,3
181,search-explorations-backend-api.service.ts,13,13,0
182,creator-dashboard-backend-api.service.ts,31,31,0
183,creator-dashboard-stats.model.ts,5,5,0
184,base-undo-redo.service.ts,38,38,0
185,change.model.ts,7,7,0
186,question-undo-redo.service.ts,4,4,0
187,undo-redo.service.ts,3,3,0
188,email-dashboard-backend-api.service.ts,23,23,0
189,email-dashboard-query-results.model.ts,6,6,0
190,email-dashboard-query.model.ts,7,7,0
191,AnswerGroupObjectFactory.ts,14,14,0
192,ExplorationObjectFactory.ts,69,69,0
193,HintObjectFactory.ts,7,7,0
194,InteractionObjectFactory.ts,112,112,0
195,LostChangeObjectFactory.ts,44,44,0
196,OutcomeObjectFactory.ts,15,15,0
197,ParamChangeObjectFactory.ts,11,11,0
198,ParamChangesObjectFactory.ts,5,5,0
199,ParamSpecObjectFactory.ts,8,8,0
200,ParamSpecsObjectFactory.ts,23,23,0
201,ParamTypeObjectFactory.ts,20,20,0
202,RecordedVoiceoversObjectFactory.ts,52,52,0
203,RuleObjectFactory.ts,22,22,0
204,SolutionObjectFactory.ts,43,43,0
205,StatesObjectFactory.ts,83,83,0
206,SubtitledHtmlObjectFactory.ts,12,12,0
207,SubtitledUnicodeObjectFactory.ts,12,12,0
208,VoiceoverObjectFactory.ts,13,13,0
209,WrittenTranslationObjectFactory.ts,24,24,0
210,WrittenTranslationsObjectFactory.ts,53,53,0
211,answer-stats.model.ts,11,11,0
212,editable-exploration-backend-api.service.ts,18,18,0
213,exploration-draft.model.ts,6,6,0
214,exploration-id-validation.service.ts,6,6,0
215,exploration-metadata.model.ts,4,4,0
216,exploration-permissions-backend-api.service.ts,11,11,0
217,exploration-permissions.model.ts,8,8,0
218,param-metadata.model.ts,6,6,0
219,read-only-exploration-backend-api.service.ts,31,31,0
220,state-interaction-stats-backend-api.service.ts,11,11,0
221,stats-reporting-backend-api.service.ts,26,26,0
222,visualization-info.model.ts,9,9,0
223,ThreadMessage.model.ts,16,16,0
224,ThreadMessageSummary.model.ts,4,4,0
225,feedback-message-summary.model.ts,12,12,0
226,FeedbackThreadObjectFactory.ts,21,21,0
227,feedback-thread-summary.model.ts,23,23,0
228,exploration-improvements-config.model.ts,15,15,0
229,exploration-task.model.ts,10,10,0
230,high-bounce-rate-task.model.ts,24,24,0
231,improvements.constants.ts,1,1,0
232,ineffective-feedback-loop-task.model.ts,17,17,0
233,needs-guiding-response-task.model.ts,20,20,0
234,successive-incorrect-answers-task.model.ts,17,17,0
235,task-entry.model.ts,22,22,0
236,learner-dashboard-activity-ids.model.ts,36,36,0
237,learner-dashboard-backend-api.service.ts,24,24,0
238,learner-dashboard-ids-backend-api.service.ts,8,8,0
239,learner-playlist-backend-api.service.ts,44,44,0
240,non-existent-activities.model.ts,7,7,0
241,FractionObjectFactory.ts,59,59,0
242,NumberWithUnitsObjectFactory.ts,99,96,3
243,UnitsObjectFactory.ts,93,93,0
244,objects-domain.constants.ajs.ts,4,4,0
245,objects-domain.constants.ts,1,1,0
246,ratio.model.ts,32,32,0
247,exploration-opportunity-summary.model.ts,15,15,0
248,featured-translation-language.model.ts,3,3,0
249,skill-opportunity.model.ts,9,9,0
250,client-context.model.ts,4,4,0
251,feature-status-summary.model.ts,22,22,0
252,platform-feature-admin-backend-api.service.ts,5,5,0
253,platform-feature-backend-api.service.ts,5,5,0
254,platform-feature-domain.constants.ts,1,1,0
255,platform-feature-dummy-backend-api.service.ts,9,9,0
256,platform-parameter-filter.model.ts,14,14,0
257,platform-parameter-rule.model.ts,8,8,0
258,platform-parameter.model.ts,15,15,0
259,promo-bar.model.ts,6,6,0
260,QuestionObjectFactory.ts,63,63,0
261,editable-question-backend-api.service.ts,43,43,0
262,pretest-question-backend-api.service.ts,16,14,2
263,question-backend-api.service.ts,45,45,0
264,question-domain.constants.ajs.ts,10,10,0
265,question-domain.constants.ts,1,1,0
266,question-summary-for-one-skill-object.model.ts,10,10,0
267,question-summary-object.model.ts,10,10,0
268,question-update.service.ts,66,55,11
269,exploration-recommendations-backend-api.service.ts,13,13,0
270,review-test-backend-api.service.ts,9,9,0
271,review-test-domain.constants.ts,1,1,0
272,review-test.model.ts,3,3,0
273,ConceptCardObjectFactory.ts,36,35,1
274,MisconceptionObjectFactory.ts,19,19,0
275,RubricObjectFactory.ts,10,10,0
276,ShortSkillSummaryObjectFactory.ts,7,7,0
277,SkillObjectFactory.ts,86,83,3
278,WorkedExampleObjectFactory.ts,10,10,0
279,assigned-skill.model.ts,5,5,0
280,augmented-skill-summary.model.ts,11,11,0
281,concept-card-backend-api.service.ts,38,38,0
282,skill-backend-api.service.ts,34,34,0
283,skill-creation-backend-api.service.ts,17,17,0
284,skill-difficulty.model.ts,10,10,0
285,skill-domain.constants.ajs.ts,23,23,0
286,skill-domain.constants.ts,1,1,0
287,skill-mastery-backend-api.service.ts,19,19,0
288,skill-mastery.model.ts,5,5,0
289,skill-rights-backend-api.service.ts,25,25,0
290,skill-rights.model.ts,8,8,0
291,skill-summary.model.ts,9,9,0
292,skill-update.service.ts,99,99,0
293,StateObjectFactory.ts,42,42,0
294,StateCardObjectFactory.ts,65,54,11
295,LearnerActionObjectFactory.ts,16,16,0
296,PlaythroughIssueObjectFactory.ts,19,19,0
297,PlaythroughObjectFactory.ts,25,25,0
298,exploration-stats.model.ts,29,29,0
299,learner-answer-details-backend-api.service.ts,8,8,0
300,learner-answer-details.model.ts,11,11,0
301,learner-answer-info.model.ts,10,10,0
302,playthrough-backend-api.service.ts,7,7,0
303,state-stats-model.ts,7,7,0
304,state-top-answers-stats-object.factory.ts,9,9,0
305,statistics-domain.constants.ts,1,1,0
306,StoryContentsObjectFactory.ts,139,126,13
307,StoryObjectFactory.ts,70,70,0
308,editable-story-backend-api.service.ts,48,32,16
309,story-domain.constants.ts,1,1,0
310,story-node.model.ts,92,84,8
311,story-summary.model.ts,23,23,0
312,story-update.service.ts,177,142,35
313,story-validation.service.ts,28,28,0
314,read-only-story-node.model.ts,25,25,0
315,story-playthrough.model.ts,19,19,0
316,story-viewer-backend-api.service.ts,22,22,0
317,story-viewer-domain.constants.ajs.ts,1,1,0
318,story-viewer-domain.constants.ts,1,1,0
319,ReadOnlySubtopicPageObjectFactory.ts,16,16,0
320,subtopic-viewer-backend-api.service.ts,14,14,0
321,subtopic-viewer-domain.constants.ts,1,1,0
322,SuggestionThreadObjectFactory.ts,31,31,0
323,suggestion.model.ts,14,14,0
324,creator-exploration-summary.model.ts,19,19,0
325,exploration-summary-backend-api.service.ts,24,24,0
326,learner-exploration-summary.model.ts,17,17,0
327,StoryReferenceObjectFactory.ts,8,8,0
328,SubtopicObjectFactory.ts,55,52,3
329,SubtopicPageContentsObjectFactory.ts,17,17,0
330,SubtopicPageObjectFactory.ts,21,20,1
331,TopicObjectFactory.ts,225,200,25
332,editable-topic-backend-api.service.ts,56,56,0
333,newly-created-story.model.ts,6,6,0
334,topic-creation-backend-api.service.ts,14,14,0
335,topic-domain.constants.ts,1,1,0
336,topic-rights-backend-api.service.ts,37,37,0
337,topic-rights.model.ts,18,18,0
338,topic-summary.model.ts,38,38,0
339,topic-update.service.ts,199,199,0
340,read-only-topic-object.factory.ts,43,43,0
341,topic-viewer-backend-api.service.ts,14,14,0
342,topic-viewer-domain.constants.ajs.ts,4,4,0
343,topic-viewer-domain.constants.ts,1,1,0
344,newly-created-topic.model.ts,7,7,0
345,topics-and-skills-dashboard-backend-api.service.ts,32,6,26
346,topics-and-skills-dashboard-domain.constants.ts,1,1,0
347,topics-and-skills-dashboard-filter.model.ts,9,9,0
348,profile-summary.model.ts,5,5,0
349,user-info.model.ts,20,20,0
350,user-profile.model.ts,15,15,0
351,audio-file.model.ts,2,2,0
352,audio-language.model.ts,4,4,0
353,autogenerated-audio-language.model.ts,6,6,0
354,browser-checker.service.ts,23,23,0
355,entity-context.model.ts,4,4,0
356,file-download-request.model.ts,2,2,0
357,image-file.model.ts,2,2,0
358,language-util.service.ts,54,53,1
359,stopwatch.model.ts,9,9,0
360,url-interpolation.service.ts,70,65,5
361,expression-evaluator.service.ts,17,16,1
362,expression-interpolation.service.ts,28,26,2
363,expression-parser.service.ts,4,4,0
364,expression-syntax-tree.service.ts,92,92,0
365,convert-html-to-unicode.filter.ts,5,5,0
366,convert-unicode-to-html.filter.ts,4,4,0
367,convert-unicode-with-params-to-html.filter.ts,33,33,0
368,format-rte-preview.filter.ts,12,12,0
369,format-rte-preview.pipe.ts,11,11,0
370,format-timer.filter.ts,7,7,0
371,format-timer.pipe.ts,6,1,5
372,parameterize-rule-description.filter.ts,129,35,94
373,remove-duplicates-in-array.pipe.ts,5,4,1
374,summarize-nonnegative-number.filter.ts,4,4,0
375,translate.pipe.ts,29,29,0
376,truncate-input-based-on-interaction-answer-type.filter.ts,11,8,3
377,camel-case-to-hyphens.filter.ts,6,6,0
378,camel-case-to-hyphens.pipe.ts,5,5,0
379,capitalize.filter.ts,6,6,0
380,capitalize.pipe.ts,5,5,0
381,convert-to-plain-text.filter.ts,9,9,0
382,convert-to-plain-text.pipe.ts,8,7,1
383,filter-for-matching-substring.pipe.ts,3,3,0
384,get-abbreviated-text.filter.ts,8,8,0
385,get-abbreviated-text.pipe.ts,7,7,0
386,normalize-whitespace-punctuation-and-case.pipe.ts,20,19,1
387,normalize-whitespace.filter.ts,8,8,0
388,normalize-whitespace.pipe.ts,7,7,0
389,replace-inputs-with-ellipses.filter.ts,4,4,0
390,replace-inputs-with-ellipses.pipe.ts,3,3,0
391,sort-by.pipe.ts,21,21,0
392,truncate-and-capitalize.filter.ts,13,12,1
393,truncate-and-capitalize.pipe.ts,12,11,1
394,truncate-at-first-ellipsis.filter.ts,7,7,0
395,truncate-at-first-ellipsis.pipe.ts,6,6,0
396,truncate-at-first-line.filter.ts,16,16,0
397,truncate-at-first-line.pipe.ts,15,15,0
398,truncate.filter.ts,13,10,3
399,truncate.pipe.ts,12,4,8
400,underscores-to-camel-case.filter.ts,4,4,0
401,underscores-to-camel-case.pipe.ts,3,3,0
402,wrap-text-with-ellipsis.filter.ts,10,10,0
403,wrap-text-with-ellipsis.pipe.ts,9,9,0
404,Base.ts,39,10,29
405,OppiaFooterDirective.ts,4,1,3
406,interaction-specs.constants.ajs.ts,1,1,0
407,interaction-specs.constants.ts,1,1,0
408,about-page.component.ts,38,38,0
409,about-page.constants.ts,1,1,0
410,admin-page.constants.ajs.ts,6,6,0
411,admin-page.constants.ts,1,1,0
412,admin-page.directive.ts,40,15,25
413,admin-dev-mode-activities-tab.component.ts,86,86,0
414,admin-prod-mode-activities-tab.component.ts,2,2,0
415,admin-config-tab.directive.ts,42,5,37
416,admin-features-tab.component.ts,95,95,0
417,admin-features-tab.constants.ts,3,3,0
418,admin-jobs-tab.component.ts,45,45,0
419,admin-misc-tab.directive.ts,167,7,160
420,admin-navbar.component.ts,34,34,0
421,admin-roles-tab.directive.ts,166,8,158
422,role-graph.directive.ts,26,4,22
423,admin-data.service.ts,9,9,0
424,admin-router.service.ts,15,15,0
425,admin-task-manager.service.ts,6,6,0
426,classroom-page.component.ts,30,30,0
427,collection-editor-page.constants.ajs.ts,3,3,0
428,collection-editor-page.constants.ts,1,1,0
429,collection-editor-page.directive.ts,24,7,17
430,collection-editor-tab.directive.ts,14,6,8
431,collection-node-creator.directive.ts,71,10,61
432,collection-node-editor.directive.ts,21,5,16
433,collection-history-tab.component.ts,2,2,0
434,collection-editor-navbar-breadcrumb.directive.ts,15,5,10
435,collection-editor-navbar.directive.ts,80,14,66
436,collection-editor-state.service.ts,53,33,20
437,collection-linearizer.service.ts,49,49,0
438,collection-details-editor.directive.ts,54,9,45
439,collection-permissions-card.directive.ts,11,11,0
440,collection-settings-tab.component.ts,2,2,0
441,collection-statistics-tab.component.ts,2,2,0
442,collection-editor-pre-publish-modal.controller.ts,41,41,0
443,collection-editor-save-modal.controller.ts,5,5,0
444,collection-player-page.directive.ts,154,12,142
445,collection-footer.component.ts,7,2,5
446,collection-local-nav.component.ts,11,11,0
447,collection-navbar.component.ts,9,2,7
448,collection-node-list.component.ts,4,4,0
449,contributor-dashboard-page.component.ts,80,80,0
450,contributor-dashboard-page.constants.ajs.ts,2,2,0
451,contributor-dashboard-page.constants.ts,1,1,0
452,contributions-and-review.component.ts,163,126,37
453,login-required-message.component.ts,14,14,0
454,login-required-modal.component.ts,3,3,0
455,question-suggestion-editor-modal.controller.ts,51,51,0
456,question-suggestion-review-modal.controller.ts,55,55,0
457,translation-modal.controller.ts,65,65,0
458,translation-suggestion-review-modal.controller.ts,58,58,0
459,opportunities-list.component.ts,45,2,43
460,opportunities-list-item.component.ts,16,16,0
461,question-opportunities.component.ts,66,66,0
462,contribution-and-review.service.ts,35,23,12
463,contribution-opportunities-backend-api.service.ts,30,26,4
464,contribution-opportunities.service.ts,34,12,22
465,question-suggestion.service.ts,11,11,0
466,translate-text.service.ts,77,73,4
467,translation-language-selector.component.ts,30,30,0
468,translation-opportunities.component.ts,45,45,0
469,voiceover-opportunities.component.ts,31,31,0
470,creator-dashboard-page.component.ts,145,145,0
471,creator-dashboard-page.constants.ajs.ts,5,5,0
472,creator-dashboard-page.constants.ts,1,1,0
473,create-activity-modal.controller.ts,16,16,0
474,upload-activity-modal.controller.ts,12,12,0
475,suggestion-modal-for-creator-view.controller.ts,40,40,0
476,suggestion-modal-for-creator-view.service.ts,35,35,0
477,delete-account-page.component.ts,13,13,0
478,delete-account-modal.controller.ts,10,10,0
479,donate-page.component.ts,17,17,0
480,email-dashboard-data.service.ts,39,36,3
481,email-dashboard-page.component.ts,52,52,0
482,email-dashboard-result.component.ts,70,70,0
483,error-page.component.ts,8,8,0
484,exploration-editor-page.component.ts,245,245,0
485,exploration-editor-page.constants.ajs.ts,17,17,0
486,exploration-editor-page.constants.ts,1,1,0
487,changes-in-human-readable-form.component.ts,1,1,0
488,editor-navbar-breadcrumb.component.ts,25,25,0
489,editor-navigation.component.ts,109,109,0
490,exploration-editor-tab.component.ts,157,157,0
491,exploration-graph.component.ts,32,32,0
492,state-graph-visualization.directive.ts,141,141,0
493,interaction-details-cache.service.ts,10,10,0
494,responses.service.ts,204,204,0
495,solution-validity.service.ts,12,12,0
496,solution-verification.service.ts,10,10,0
497,state-name-editor.component.ts,57,57,0
498,state-param-changes-editor.component.ts,4,4,0
499,add-answer-group-modal.controller.ts,41,41,0
500,add-hint-modal.controller.ts,14,14,0
501,add-or-update-solution-modal.controller.ts,34,34,0
502,confirm-delete-state-modal.controller.ts,4,4,0
503,customize-interaction-modal.controller.ts,151,151,0
504,exploration-graph-modal.controller.ts,12,12,0
505,teach-oppia-modal.controller.ts,62,62,0
506,test-interaction-panel.component.ts,18,18,0
507,training-data-editor-panel-modal.controller.ts,63,63,0
508,training-data-editor-panel.service.ts,23,23,0
509,training-data.service.ts,72,72,0
510,training-modal.controller.ts,61,61,0
511,training-modal.service.ts,23,23,0
512,training-panel.component.ts,36,36,0
513,unresolved-answers-overview.component.ts,39,39,0
514,exploration-objective-editor.component.ts,3,3,0
515,exploration-save-and-publish-buttons.component.ts,73,73,0
516,exploration-title-editor.component.ts,9,9,0
517,feedback-tab.component.ts,101,101,0
518,thread-data-backend-api.service.ts,82,82,0
519,thread-status-display.service.ts,13,13,0
520,create-feedback-thread-modal.controller.ts,14,14,0
521,thread-table.component.ts,10,10,0
522,history-tab.component.ts,128,128,0
523,revert-exploration-modal.controller.ts,7,7,0
524,compare-versions.service.ts,33,33,0
525,version-tree.service.ts,47,43,4
526,improvements-tab.component.ts,49,49,0
527,needs-guiding-responses-task.component.ts,7,7,0
528,improvement-modal.service.ts,15,15,0
529,editor-reloading-modal.controller.ts,5,5,0
530,exploration-metadata-modal.controller.ts,66,66,0
531,exploration-save-modal.controller.ts,11,11,0
532,help-modal.controller.ts,15,15,0
533,lost-changes-modal.controller.ts,6,6,0
534,post-publish-modal.controller.ts,20,20,0
535,save-validation-fail-modal.controller.ts,8,8,0
536,save-version-mismatch-modal.controller.ts,14,14,0
537,state-diff-modal.controller.ts,21,21,0
538,welcome-modal.controller.ts,9,9,0
539,param-changes-editor.component.ts,113,113,0
540,value-generator-editor.directive.ts,12,12,0
541,preview-tab.component.ts,76,76,0
542,preview-set-parameters-modal.controller.ts,4,4,0
543,angular-name.service.ts,4,4,0
544,autosave-info-modals.service.ts,25,25,0
545,change-list.service.ts,67,53,14
546,editor-first-time-events.service.ts,32,32,0
547,exploration-automatic-text-to-speech.service.ts,12,12,0
548,exploration-category.service.ts,11,11,0
549,exploration-correctness-feedback.service.ts,12,12,0
550,exploration-data-backend-api.service.ts,5,5,0
551,exploration-data.service.ts,67,67,0
552,exploration-diff.service.ts,100,98,2
553,exploration-init-state-name.service.ts,5,5,0
554,exploration-language-code.service.ts,14,14,0
555,exploration-objective.service.ts,11,11,0
556,exploration-param-changes.service.ts,5,5,0
557,exploration-param-specs.service.ts,5,5,0
558,exploration-property.service.ts,35,35,0
559,exploration-rights.service.ts,62,62,0
560,exploration-save.service.ts,160,40,120
561,exploration-states.service.ts,221,193,28
562,exploration-tags.service.ts,15,15,0
563,exploration-title.service.ts,11,11,0
564,exploration-warnings.service.ts,137,137,0
565,graph-data.service.ts,14,14,0
566,parameter-metadata.service.ts,91,91,0
567,populate-rule-content-ids.service.ts,15,15,0
568,router.service.ts,118,118,0
569,state-editor-refresh.service.ts,4,4,0
570,state-tutorial-first-time.service.ts,40,40,0
571,tutorial-events-backend-api.service.ts,6,6,0
572,user-email-preferences-backend-api.service.ts,7,7,0
573,user-email-preferences.service.ts,17,17,0
574,user-exploration-permissions.service.ts,14,14,0
575,settings-tab.component.ts,253,253,0
576,moderator-unpublish-exploration-modal.controller.ts,7,7,0
577,preview-summary-tile-modal.controller.ts,24,24,0
578,reassign-role-confirmation-modal.controller.ts,6,6,0
579,remove-role-confirmation-modal.controller.ts,5,5,0
580,statistics-tab.component.ts,51,51,0
581,pie-chart.component.ts,23,23,0
582,answer-submit-action.component.ts,14,14,0
583,cyclic-transitions-issue.component.ts,25,25,0
584,early-quit-issue.component.ts,26,26,0
585,multiple-incorrect-issue.component.ts,26,26,0
586,multiple-incorrect-submissions-issue.component.ts,29,29,0
587,playthrough-issues.component.ts,28,28,0
588,learner-action-render.service.ts,43,43,0
589,state-stats-modal.controller.ts,25,25,0
590,exploration-editor-suggestion-modal.controller.ts,29,29,0
591,suggestion-modal-for-exploration-editor.service.ts,43,13,30
592,translation-tab.component.ts,78,78,0
593,audio-translation-bar.directive.ts,290,290,0
594,add-audio-translation-modal.controller.ts,35,35,0
595,translation-tab-busy-modal.controller.ts,4,4,0
596,welcome-translation-modal.controller.ts,9,9,0
597,translation-language.service.ts,18,18,0
598,translation-status.service.ts,167,167,0
599,translation-tab-active-content-id.service.ts,15,15,0
600,translation-tab-active-mode.service.ts,7,7,0
601,voiceover-recording.service.ts,76,50,26
602,state-translation.component.ts,280,280,0
603,state-translation-editor.component.ts,78,78,0
604,state-translation-status-graph.component.ts,28,28,0
605,translator-overview.component.ts,60,60,0
606,exploration-player-page.component.ts,21,21,0
607,exploration-player-page.constants.ajs.ts,17,17,0
608,exploration-player-page.constants.ts,1,1,0
609,switch-content-language-refresh-required-modal.component.ts,10,10,0
610,audio-bar.directive.ts,135,12,123
611,content-language-selector.component.ts,21,21,0
612,correctness-footer.directive.ts,2,1,1
613,exploration-footer.directive.ts,32,7,25
614,feedback-popup.directive.ts,61,8,53
615,learner-local-nav.directive.ts,41,12,29
616,learner-view-info.directive.ts,54,14,40
617,progress-nav.directive.ts,65,11,54
618,continue-button.directive.ts,2,1,1
619,conversation-skin.directive.ts,608,63,545
620,input-response-pair.directive.ts,37,10,27
621,learner-answer-info-card.directive.ts,17,5,12
622,supplemental-card.directive.ts,55,10,45
623,tutor-card.directive.ts,112,25,87
624,answer-classification.service.ts,45,43,2
625,audio-preloader.service.ts,47,42,5
626,audio-translation-language.service.ts,48,48,0
627,audio-translation-manager.service.ts,26,26,0
628,content-translation-language.service.ts,29,29,0
629,content-translation-manager.service.ts,89,89,0
630,current-interaction.service.ts,31,27,4
631,exploration-engine.service.ts,204,55,149
632,exploration-player-state.service.ts,108,47,61
633,exploration-recommendations.service.ts,21,21,0
634,extract-image-filenames-from-state.service.ts,82,82,0
635,fatigue-detection.service.ts,15,14,1
636,hint-and-solution-modal.service.ts,16,16,0
637,hints-and-solution-manager.service.ts,99,99,0
638,image-preloader.service.ts,89,89,0
639,learner-answer-info.service.ts,57,52,5
640,learner-params.service.ts,11,11,0
641,learner-view-info-backend-api.service.ts,4,4,0
642,learner-view-rating.service.ts,14,2,12
643,number-attempts.service.ts,6,6,0
644,player-correctness-feedback-enabled.service.ts,6,5,1
645,player-position.service.ts,28,28,0
646,player-transcript.service.ts,40,36,4
647,prediction-algorithm-registry.service.ts,13,13,0
648,question-player-engine.service.ts,119,28,91
649,refresher-exploration-confirmation-modal.service.ts,6,2,4
650,state-classifier-mapping.service.ts,10,10,0
651,stats-reporting.service.ts,122,30,92
652,display-hint-modal.controller.ts,19,19,0
653,display-solution-modal.controller.ts,22,22,0
654,exploration-player-suggestion-modal.controller.ts,18,18,0
655,flag-exploration-modal.controller.ts,14,14,0
656,information-card-modal.controller.ts,40,40,0
657,refresher-exploration-confirmation-modal.controller.ts,20,20,0
658,take-break-modal.component.ts,5,5,0
659,stewards-landing-page.component.ts,56,56,0
660,topic-landing-page.component.ts,33,33,0
661,topic-landing-page.constants.ts,1,1,0
662,learner-dashboard-icons.component.ts,51,51,0
663,learner-dashboard-page.component.ts,184,184,0
664,learner-dashboard-page.constants.ts,1,1,0
665,learner-playlist-modal.component.ts,11,11,0
666,remove-activity-modal.component.ts,23,23,0
667,learner-dashboard-suggestion-modal.component.ts,7,7,0
668,suggestion-modal-for-learner-dashboard.service.ts,10,10,0
669,library-page.component.ts,141,141,0
670,library-page.constants.ajs.ts,2,2,0
671,library-page.constants.ts,1,1,0
672,library-footer.component.ts,7,7,0
673,search-bar.component.ts,102,102,0
674,activity-tiles-infinity-grid.component.ts,33,33,0
675,search-results.component.ts,30,30,0
676,login-page.component.ts,34,34,0
677,logout-page.component.ts,13,13,0
678,maintenance-page.component.ts,8,8,0
679,moderator-page.component.ts,46,46,0
680,notifications-dashboard-page.component.ts,21,21,0
681,playbook.component.ts,12,12,0
682,practice-session-page.component.ts,31,31,0
683,practice-session-page.constants.ajs.ts,4,4,0
684,practice-session-page.constants.ts,1,1,0
685,preferences-page.component.ts,100,100,0
686,edit-profile-picture-modal.controller.ts,32,32,0
687,profile-page-backend-api.service.ts,16,16,0
688,profile-page-domain.constants.ts,1,1,0
689,profile-page-navbar.component.ts,5,5,0
690,profile-page.component.ts,98,98,0
691,review-test-engine.service.ts,9,9,0
692,review-test-page.component.ts,32,32,0
693,review-test-page.constants.ajs.ts,3,3,0
694,review-test-page.constants.ts,1,1,0
695,signup-page.component.ts,99,99,0
696,license-explanation-modal.controller.ts,4,4,0
697,registration-session-expired-modal.controller.ts,9,9,0
698,skill-editor-page.component.ts,44,44,0
699,skill-editor-page.constants.ajs.ts,1,1,0
700,skill-editor-page.constants.ts,1,1,0
701,skill-editor-main-tab.directive.ts,42,42,0
702,skill-preview-modal.controller.ts,6,6,0
703,skill-concept-card-editor.directive.ts,76,18,58
704,worked-example-editor.directive.ts,36,4,32
705,skill-description-editor.directive.ts,30,6,24
706,misconception-editor.directive.ts,62,4,58
707,skill-misconceptions-editor.directive.ts,44,10,34
708,skill-prerequisite-skills-editor.directive.ts,52,10,42
709,skill-rubrics-editor.directive.ts,22,7,15
710,add-misconception-modal.controller.ts,16,16,0
711,add-worked-example-modal.controller.ts,8,8,0
712,delete-misconception-modal.component.ts,6,6,0
713,skill-editor-navbar-breadcrumb.component.ts,8,2,6
714,skill-editor-navbar.directive.ts,55,9,46
715,skill-questions-tab.directive.ts,19,5,14
716,question-creation.service.ts,122,122,0
717,skill-editor-routing.service.ts,31,31,0
718,skill-editor-state.service.ts,84,79,5
719,skill-preview-tab.component.ts,63,63,0
720,splash-page.component.ts,33,33,0
721,story-editor-page.component.ts,117,117,0
722,story-editor-page.constants.ajs.ts,1,1,0
723,story-editor-page.constants.ts,1,1,0
724,chapter-editor-tab.component.ts,31,31,0
725,story-editor.directive.ts,164,155,9
726,story-node-editor.directive.ts,212,199,13
727,new-chapter-title-modal.controller.ts,60,60,0
728,story-editor-navbar-breadcrumb.directive.ts,21,7,14
729,story-editor-navbar.directive.ts,111,49,62
730,story-editor-navigation.service.ts,28,28,0
731,story-editor-state.service.ts,92,79,13
732,story-preview-tab.component.ts,38,38,0
733,story-viewer-page.component.ts,62,62,0
734,story-viewer-navbar-breadcrumb.component.ts,15,15,0
735,story-viewer-navbar-pre-logo-action.component.ts,14,14,0
736,subtopic-viewer-page.component.ts,39,39,0
737,subtopic-viewer-navbar-breadcrumb.component.ts,12,12,0
738,subtopic-viewer-navbar-pre-logo-action.component.ts,6,6,0
739,teach-page.component.ts,44,44,0
740,terms-page.component.ts,3,3,0
741,thanks-page.component.ts,4,4,0
742,rearrange-skills-in-subtopics-modal.controller.ts,47,47,0
743,topic-editor-page.component.ts,116,115,1
744,topic-editor-page.constants.ajs.ts,1,1,0
745,topic-editor-page.constants.ts,1,1,0
746,topic-editor-stories-list.directive.ts,32,7,25
747,topic-editor-tab.directive.ts,223,223,0
748,change-subtopic-assignment-modal.template.controller.ts,7,7,0
749,create-new-story-modal.controller.ts,25,25,0
750,create-new-subtopic-modal.controller.ts,62,62,0
751,preview-thumbnail.component.ts,6,6,0
752,question-opportunities-select-skill-and-difficulty-modal.controller.ts,18,18,0
753,questions-list-select-skill-and-difficulty-modal.controller.ts,33,33,0
754,topic-editor-save-modal.controller.ts,5,5,0
755,topic-editor-navbar-breadcrumb.directive.ts,14,5,9
756,topic-editor-navbar.directive.ts,153,11,142
757,topic-preview-tab.component.ts,28,28,0
758,topic-questions-tab.directive.ts,47,7,40
759,entity-creation.service.ts,22,20,2
760,subtopic-validation-service.ts,16,16,0
761,topic-editor-routing.service.ts,52,52,0
762,topic-editor-state.service.ts,193,166,27
763,subtopic-editor-tab.component.ts,147,147,0
764,subtopic-preview-tab.component.ts,44,7,37
765,topic-viewer-page.component.ts,52,52,0
766,topic-viewer-navbar-breadcrumb.component.ts,7,7,0
767,practice-tab.component.ts,42,42,0
768,topic-viewer-stories-list.component.ts,7,7,0
769,subtopics-list.component.ts,7,7,0
770,create-new-skill-modal.controller.ts,49,49,0
771,create-new-topic-modal.controller.ts,34,34,0
772,delete-skill-modal.controller.ts,14,14,0
773,delete-topic-modal.controller.ts,5,5,0
774,topics-and-skills-dashboard-page.component.ts,194,194,0
775,topics-and-skills-dashboard-page.constants.ajs.ts,5,5,0
776,topics-and-skills-dashboard-page.constants.ts,10,10,0
777,topics-and-skills-dashboard-page.service.ts,38,38,0
778,topics-and-skills-dashboard-navbar-breadcrumb.component.ts,2,2,0
779,assign-skill-to-topic-modal.controller.ts,5,5,0
780,skills-list.directive.ts,100,79,21
781,unassign-skill-from-topics-modal.controller.ts,26,26,0
782,select-topics.component.ts,12,12,0
783,topics-list.directive.ts,35,35,0
784,UpgradedServices.ts,282,282,0
785,alerts.service.ts,34,34,0
786,angular-services.index.ts,1,1,0
787,app.service.ts,3,3,0
788,assets-backend-api.service.ts,66,66,0
789,attribution.service.ts,23,23,0
790,audio-bar-status.service.ts,6,6,0
791,audio-player.service.ts,66,19,47
792,auth-backend-api.service.ts,5,5,0
793,auth.service.ts,49,49,0
794,autogenerated-audio-player.service.ts,18,7,11
795,autoplayed-videos.service.ts,5,5,0
796,bottom-navbar-status.service.ts,6,6,0
797,code-normalizer.service.ts,33,33,0
798,compute-graph.service.ts,33,33,0
799,construct-translation-ids.service.ts,3,3,0
800,context.service.ts,111,111,0
801,csrf-token.service.ts,12,10,2
802,date-time-format.service.ts,18,18,0
803,debouncer.service.ts,17,17,0
804,editability.service.ts,14,14,0
805,exploration-features-backend-api.service.ts,7,7,0
806,exploration-features.service.ts,18,18,0
807,exploration-html-formatter.service.ts,36,36,0
808,exploration-improvements-backend-api.service.ts,28,28,0
809,exploration-improvements-task-registry.service.ts,128,128,0
810,exploration-improvements.service.ts,57,57,0
811,exploration-stats-backend-api.service.ts,6,6,0
812,exploration-stats.service.ts,7,7,0
813,extension-tag-assembler.service.ts,24,24,0
814,external-rte-save.service.ts,4,4,0
815,external-save.service.ts,4,4,0
816,generate-content-id.service.ts,21,21,0
817,guppy-configuration.service.ts,14,14,0
818,guppy-initialization.service.ts,38,38,0
819,html-escaper.service.ts,10,8,2
820,i18n-language-code.service.ts,10,10,0
821,id-generation.service.ts,6,6,0
822,image-local-storage.service.ts,28,28,0
823,image-upload-helper.service.ts,23,23,0
824,improvements.service.ts,4,4,0
825,interaction-rules-registry.service.ts,30,30,0
826,interaction-specs.service.ts,6,6,0
827,keyboard-shortcut.service.ts,52,52,0
828,loader.service.ts,6,6,0
829,local-storage.service.ts,28,28,0
830,math-interactions.service.ts,227,227,0
831,messenger.service.ts,51,11,40
832,navigation.service.ts,19,19,0
833,nested-directives-recursion-timeout-prevention.service.ts,12,12,0
834,ngb-modal.service.ts,1,1,0
835,page-title.service.ts,15,15,0
836,platform-feature.service.ts,75,75,0
837,playthrough-issues-backend-api.service.ts,29,29,0
838,playthrough-issues.service.ts,45,45,0
839,playthrough.service.ts,86,86,0
840,png-sanitizer.service.ts,10,10,0
841,prevent-page-unload-event.service.ts,14,14,0
842,promo-bar-backend-api.service.ts,10,8,2
843,question-validation.service.ts,4,4,0
844,questions-list.service.ts,37,37,0
845,request-interceptor.service.ts,30,19,11
846,rte-helper-modal.controller.ts,65,65,0
847,rte-helper.service.ts,36,36,0
848,schema-default-value.service.ts,31,31,0
849,schema-form-submitted.service.ts,4,4,0
850,schema-undefined-last-element.service.ts,5,5,0
851,search-backend-api.service.ts,4,4,0
852,search.service.ts,88,88,0
853,services.constants.ajs.ts,16,16,0
854,services.constants.ts,1,1,0
855,sidebar-status.service.ts,20,20,0
856,site-analytics.service.ts,68,68,0
857,speech-synthesis-chunker.service.ts,66,66,0
858,state-interaction-stats.service.ts,23,23,0
859,state-top-answers-stats-backend-api.service.ts,8,8,0
860,state-top-answers-stats.service.ts,44,38,6
861,suggestion-modal.service.ts,12,12,0
862,suggestions.service.ts,3,3,0
863,svg-sanitizer.service.ts,54,54,0
864,translate.service.ts,34,34,0
865,translation-file-hash-loader-backend-api.service.ts,7,6,1
866,translations-backend-api.service.ts,6,6,0
867,user-backend-api.service.ts,17,17,0
868,user.service.ts,30,30,0
869,utils.service.ts,31,29,2
870,validators.service.ts,40,40,0
871,device-info.service.ts,6,6,0
872,document-attribute-customization.service.ts,4,4,0
873,logger.service.ts,6,6,0
874,meta-tag-customization.service.ts,8,8,0
875,url.service.ts,110,110,0
876,window-dimensions.service.ts,7,7,0
877,window-ref.service.ts,3,3,0
878,background-mask.service.ts,6,6,0
879,focus-manager.service.ts,16,16,0
880,test.extras.ts,5,5,0
881,unit-test-utils.ts,37,34,3
882,ckeditor.import.ts,2,2,0
883,leaflet.import.ts,3,3,0
884,ng-audio.import.ts,1,1,0
885,ng-joy-ride.import.ts,1,1,0
886,select2.import.ts,1,1,0
887,ui-codemirror.import.ts,7,7,0
888,ui-tree.import.ts,1,1,0
889,classifiers-extension.constants.ts,1,1,0
890,count-vectorizer.service.ts,12,12,0
891,python-program.tokenizer.ts,168,115,53
892,svm-prediction.service.ts,121,119,2
893,text-input.tokenizer.ts,6,6,0
894,winnowing-preprocessing.service.ts,25,25,0
895,answer-defs.ts,0,0,0
896,base-interaction-validation.service.ts,24,22,2
897,interaction-attributes-extractor.service.ts,19,19,0
898,interactions-extension.constants.ajs.ts,4,4,0
899,interactions-extension.constants.ts,1,1,0
900,interactionsQuestionsRequires.ts,8,8,0
901,interactionsRequires.ts,21,21,0
902,AlgebraicExpressionInput.ts,5,5,0
903,algebraic-expression-input-rules.service.ts,43,43,0
904,algebraic-expression-input-validation.service.ts,44,44,0
905,oppia-interactive-algebraic-expression-input.component.ts,52,52,0
906,oppia-response-algebraic-expression-input.component.ts,7,7,0
907,oppia-short-response-algebraic-expression-input.component.ts,6,6,0
908,CodeRepl.ts,7,7,0
909,code-repl-prediction.service.ts,133,131,2
910,code-repl-rules.service.ts,23,23,0
911,code-repl-validation.service.ts,19,19,0
912,oppia-interactive-code-repl.directive.ts,94,6,88
913,oppia-response-code-repl.directive.ts,10,3,7
914,oppia-short-response-code-repl.directive.ts,7,3,4
915,Continue.ts,5,5,0
916,continue-rules.service.ts,2,2,0
917,continue-validation.service.ts,14,14,0
918,oppia-interactive-continue.component.ts,20,3,17
919,oppia-response-continue.component.ts,6,3,3
920,oppia-short-response-continue.component.ts,6,3,3
921,DragAndDropSortInput.ts,5,5,0
922,drag-and-drop-sort-input-rules.service.ts,35,35,0
923,drag-and-drop-sort-input-validation.service.ts,102,102,0
924,oppia-interactive-drag-and-drop-sort-input.directive.ts,45,4,41
925,oppia-response-drag-and-drop-sort-input.directive.ts,12,2,10
926,oppia-short-response-drag-and-drop-sort-input.directive.ts,12,2,10
927,EndExploration.ts,5,5,0
928,end-exploration-rules.service.ts,2,2,0
929,end-exploration-validation.service.ts,19,19,0
930,oppia-interactive-end-exploration.component.ts,33,33,0
931,oppia-response-end-exploration.component.ts,1,1,0
932,oppia-short-response-end-exploration.component.ts,1,1,0
933,FractionInput.ts,5,5,0
934,fraction-input-rules.service.ts,17,17,0
935,fraction-input-validation.service.ts,99,98,1
936,oppia-interactive-fraction-input.component.ts,73,7,66
937,oppia-response-fraction-input.component.ts,8,3,5
938,oppia-short-response-fraction-input.component.ts,8,3,5
939,GraphInput.ts,5,5,0
940,graph-detail.service.ts,27,4,23
941,graph-input-rules.service.ts,82,81,1
942,graph-input-validation.service.ts,31,28,3
943,graph-utils.service.ts,65,65,0
944,graph-viz.component.ts,261,19,242
945,oppia-interactive-graph-input.component.ts,60,11,49
946,oppia-response-graph-input.component.ts,15,7,8
947,oppia-short-response-graph-input.component.ts,5,3,2
948,ImageClickInput.ts,5,5,0
949,image-click-input-rules.service.ts,3,3,0
950,image-click-input-validation.service.ts,48,48,0
951,oppia-interactive-image-click-input.directive.ts,93,8,85
952,oppia-response-image-click-input.directive.ts,7,2,5
953,oppia-short-response-image-click-input.directive.ts,7,2,5
954,InteractiveMap.ts,5,5,0
955,interactive-map-rules.service.ts,14,14,0
956,interactive-map-validation.service.ts,20,20,0
957,oppia-interactive-interactive-map.directive.ts,47,8,39
958,oppia-response-interactive-map.directive.ts,9,4,5
959,oppia-short-response-interactive-map.directive.ts,11,2,9
960,ItemSelectionInput.ts,6,6,0
961,item-selection-input-rules.service.ts,17,17,0
962,item-selection-input-validation.service.ts,86,62,24
963,oppia-interactive-item-selection-input.directive.ts,45,5,40
964,oppia-response-item-selection-input.directive.ts,10,2,8
965,oppia-short-response-item-selection-input.directive.ts,10,2,8
966,LogicProof.ts,6,6,0
967,logic-proof-rules.service.ts,5,5,0
968,logic-proof-validation.service.ts,5,5,0
969,oppia-interactive-logic-proof.directive.ts,108,7,101
970,oppia-response-logic-proof.directive.ts,6,2,4
971,oppia-short-response-logic-proof.directive.ts,7,3,4
972,conversion.ts,8,4,4
973,data.ts,12,12,0
974,generatedDefaultData.ts,1,1,0
975,generatedParser.ts,1734,1414,320
976,shared.ts,326,309,17
977,student.ts,373,340,33
978,teacher.ts,43,38,5
979,logic-demo-test.controller.ts,131,131,0
980,strings.ts,7,7,0
981,teacher2.ts,282,265,17
982,MathEquationInput.ts,5,5,0
983,math-equation-input-rules.service.ts,79,79,0
984,math-equation-input-validation.service.ts,50,50,0
985,oppia-interactive-math-equation-input.component.ts,42,42,0
986,oppia-response-math-equation-input.component.ts,5,5,0
987,oppia-short-response-math-equation-input.component.ts,5,5,0
988,MultipleChoiceInput.ts,6,6,0
989,multiple-choice-input-rules.service.ts,3,3,0
990,multiple-choice-input-validation.service.ts,39,39,0
991,oppia-interactive-multiple-choice-input.directive.ts,39,5,34
992,oppia-response-multiple-choice-input.directive.ts,8,2,6
993,oppia-short-response-multiple-choice-input.directive.ts,11,4,7
994,MusicNotesInput.ts,6,6,0
995,music-notes-input-rules.service.ts,36,35,1
996,music-notes-input-validation.service.ts,5,5,0
997,music-phrase-player.service.ts,12,5,7
998,oppia-interactive-music-notes-input.directive.ts,281,10,271
999,oppia-response-music-notes-input.directive.ts,13,2,11
1000,oppia-short-response-music-notes-input.directive.ts,13,2,11
1001,NumberWithUnits.ts,5,5,0
1002,number-with-units-rules.service.ts,24,24,0
1003,number-with-units-validation.service.ts,50,47,3
1004,oppia-interactive-number-with-units.directive.ts,45,7,38
1005,oppia-response-number-with-units.directive.ts,8,3,5
1006,oppia-short-response-number-with-units.directive.ts,8,3,5
1007,NumericExpressionInput.ts,5,5,0
1008,numeric-expression-input-rules.service.ts,33,33,0
1009,numeric-expression-input-validation.service.ts,23,23,0
1010,oppia-interactive-numeric-expression-input.component.ts,44,44,0
1011,oppia-response-numeric-expression-input.component.ts,5,5,0
1012,oppia-short-response-numeric-expression-input.component.ts,5,5,0
1013,NumericInput.ts,5,5,0
1014,numeric-input-rules.service.ts,9,9,0
1015,numeric-input-validation.service.ts,76,61,15
1016,oppia-interactive-numeric-input.directive.ts,20,5,15
1017,oppia-response-numeric-input.directive.ts,8,2,6
1018,oppia-short-response-numeric-input.directive.ts,8,2,6
1019,PencilCodeEditor.ts,5,5,0
1020,oppia-interactive-pencil-code-editor.directive.ts,62,8,54
1021,oppia-response-pencil-code-editor.directive.ts,6,2,4
1022,oppia-short-response-pencil-code-editor.directive.ts,7,3,4
1023,pencil-code-editor-rules.service.ts,24,24,0
1024,pencil-code-editor-validation.service.ts,10,10,0
1025,RatioExpressionInput.ts,5,5,0
1026,oppia-interactive-ratio-expression-input.component.ts,42,42,0
1027,oppia-response-ratio-expression-input.component.ts,6,6,0
1028,oppia-short-response-ratio-expression-input.component.ts,6,6,0
1029,ratio-expression-input-rules.service.ts,8,8,0
1030,ratio-expression-input-validation.service.ts,63,63,0
1031,SetInput.ts,5,5,0
1032,oppia-interactive-set-input.directive.ts,32,4,28
1033,oppia-response-set-input.directive.ts,6,2,4
1034,oppia-short-response-set-input.directive.ts,8,3,5
1035,set-input-rules.service.ts,16,16,0
1036,set-input-validation.service.ts,40,40,0
1037,TextInput.ts,6,6,0
1038,text-input-prediction.service.ts,15,15,0
1039,oppia-interactive-text-input.directive.ts,27,5,22
1040,oppia-response-text-input.directive.ts,6,2,4
1041,oppia-short-response-text-input.directive.ts,8,4,4
1042,text-input-rules.service.ts,33,33,0
1043,text-input-validation.service.ts,63,63,0
1044,objectComponentsRequires.ts,42,42,0
1045,objectComponentsRequiresForPlayers.ts,3,3,0
1046,algebraic-expression-editor.component.ts,56,56,0
1047,boolean-editor.component.ts,6,4,2
1048,code-string-editor.component.ts,17,5,12
1049,coord-two-dim-editor.component.ts,20,4,16
1050,custom-osk-letters-editor.component.ts,43,43,0
1051,drag-and-drop-positive-int-editor.directive.ts,15,1,14
1052,filepath-editor.directive.ts,465,13,452
1053,fraction-editor.directive.ts,24,1,23
1054,graph-editor.directive.ts,5,1,4
1055,graph-property-editor.directive.ts,12,1,11
1056,html-editor.directive.ts,5,1,4
1057,image-with-regions-editor.directive.ts,259,2,257
1058,int-editor.directive.ts,7,1,6
1059,list-of-sets-of-translatable-html-content-ids-editor.component.ts,68,1,67
1060,list-of-tabs-editor.directive.ts,7,1,6
1061,list-of-unicode-string-editor.directive.ts,7,1,6
1062,logic-error-category-editor.directive.ts,12,1,11
1063,logic-question-editor.directive.ts,25,1,24
1064,math-equation-editor.component.ts,50,50,0
1065,math-expression-content-editor.directive.ts,68,7,61
1066,music-phrase-editor.directive.ts,19,1,18
1067,nonnegative-int-editor.directive.ts,7,1,6
1068,normalized-string-editor.directive.ts,33,2,31
1069,number-with-units-editor.directive.ts,18,1,17
1070,numeric-expression-editor.component.ts,47,47,0
1071,parameter-name-editor.directive.ts,16,1,15
1072,position-of-terms-editor.component.ts,11,11,0
1073,positive-int-editor.component.ts,6,6,0
1074,ratio-expression-editor.component.ts,14,14,0
1075,real-editor.directive.ts,10,1,9
1076,sanitized-url-editor.directive.ts,5,1,4
1077,set-of-algebraic-identifier-editor.component.ts,10,10,0
1078,set-of-translatable-html-content-ids-editor.component.ts,16,1,15
1079,set-of-unicode-string-editor.directive.ts,7,1,6
1080,skill-selector-editor.directive.ts,18,4,14
1081,subtitled-html-editor.directive.ts,7,2,5
1082,subtitled-unicode-editor.directive.ts,6,2,4
1083,svg-filename-editor.component.ts,732,732,0
1084,svg-filename-editor.constants.ajs.ts,4,4,0
1085,svg-filename-editor.constants.ts,1,1,0
1086,translatable-html-content-id.component.ts,8,1,7
1087,translatable-set-of-normalized-string-editor.component.ts,5,5,0
1088,translatable-set-of-unicode-string-editor.component.ts,5,5,0
1089,unicode-string-editor.directive.ts,33,2,31
1090,richTextComponentsRequires.ts,8,8,0
1091,oppia-noninteractive-collapsible.directive.ts,8,3,5
1092,oppia-noninteractive-image.directive.ts,46,7,39
1093,oppia-noninteractive-link.directive.ts,19,3,16
1094,oppia-noninteractive-math.directive.ts,25,6,19
1095,oppia-noninteractive-skillreview-concept-card-modal.controller.ts,7,7,0
1096,oppia-noninteractive-skillreview.directive.ts,20,6,14
1097,oppia-noninteractive-svgdiagram.component.ts,17,17,0
1098,oppia-noninteractive-tabs.directive.ts,7,3,4
1099,oppia-noninteractive-video.directive.ts,25,4,21
1100,valueGeneratorsRequires.ts,2,2,0
1101,copier.directive.ts,15,15,0
1102,random-selector.directive.ts,11,1,10
1103,oppia-visualization-click-hexbins.directive.ts,33,33,0
1104,oppia-visualization-enumerated-frequency-table.directive.ts,6,1,5
1105,oppia-visualization-frequency-table.directive.ts,1,1,0
1106,oppia-visualization-sorted-tiles.directive.ts,17,17,0
1107,app.component.ts,1,1,0
1108,leaflet-demo.component.ts,4,1,3
1109,core-demo.component.ts,16,1,15
1110,multi-map-demo.component.ts,6,1,5
1111,events-demo.component.ts,10,1,9
1112,baselayers-demo.component.ts,6,1,5
1113,layers-demo.component.ts,20,1,19
1114,layers-demo.model.ts,3,0,3
1115,markers-demo.component.ts,7,1,6
1116,ngfor-layers-demo.component.ts,7,1,6
1117,leaflet-wrapper.component.ts,4,2,2
1118,performance-demo.component.ts,6,1,5
1119,leaflet.directive.ts,113,29,84
1120,leaflet.directive.wrapper.ts,2,0,2
1121,leaflet.util.ts,8,0,8
1122,leaflet-layer.directive.ts,26,4,22
1123,leaflet-layers.directive.ts,21,2,19
1124,leaflet-baselayers.directive.ts,35,4,31
1125,leaflet-control-layers-changes.model.ts,4,0,4
1126,leaflet-control-layers-config.model.ts,2,0,2
1127,leaflet-control-layers.directive.ts,31,4,27
1128,leaflet-control-layers.wrapper.ts,31,0,31
